1.0;0.447;0.456;0.421;0.444;0.246;0.443;0.431;0.436;0.407;0.262;0.371;0.289;0.316;0.225;0.279;0.336;0.291;0.276;0.34;0.332;0.348;0.417;0.312;0.441;0.264;0.374;0.277;0.307;0.392
0.447;1.0;0.472;0.48;0.604;0.322;0.46;0.436;0.492;0.449;0.32;0.458;0.398;0.408;0.319;0.416;0.392;0.395;0.314;0.372;0.366;0.362;0.401;0.346;0.497;0.455;0.381;0.306;0.432;0.456
0.456;0.472;1.0;0.412;0.448;0.268;0.399;0.404;0.388;0.413;0.214;0.363;0.262;0.321;0.334;0.351;0.372;0.346;0.301;0.345;0.313;0.34;0.378;0.288;0.377;0.375;0.313;0.298;0.373;0.355
0.421;0.48;0.412;1.0;0.539;0.3;0.456;0.425;0.585;0.479;0.345;0.413;0.325;0.371;0.333;0.343;0.351;0.338;0.275;0.376;0.284;0.308;0.447;0.311;0.446;0.362;0.346;0.364;0.388;0.406
0.444;0.604;0.448;0.539;1.0;0.309;0.446;0.393;0.457;0.383;0.27;0.432;0.315;0.36;0.247;0.387;0.425;0.346;0.271;0.361;0.281;0.34;0.371;0.258;0.465;0.367;0.278;0.271;0.37;0.429
0.246;0.322;0.268;0.3;0.309;1.0;0.353;0.352;0.35;0.36;0.241;0.28;0.269;0.29;0.334;0.25;0.219;0.293;0.252;0.167;0.205;0.261;0.285;0.198;0.355;0.309;0.266;0.299;0.337;0.316
0.443;0.46;0.399;0.456;0.446;0.353;1.0;0.762;0.768;0.786;0.462;0.604;0.425;0.423;0.312;0.411;0.464;0.373;0.333;0.375;0.344;0.323;0.514;0.413;0.553;0.451;0.501;0.399;0.514;0.497
0.431;0.436;0.404;0.425;0.393;0.352;0.762;1.0;0.707;0.723;0.456;0.47;0.432;0.378;0.344;0.483;0.443;0.327;0.358;0.342;0.323;0.347;0.423;0.344;0.501;0.399;0.466;0.347;0.414;0.465
0.436;0.492;0.388;0.585;0.457;0.35;0.768;0.707;1.0;0.742;0.481;0.523;0.417;0.459;0.331;0.419;0.485;0.359;0.361;0.394;0.38;0.323;0.471;0.367;0.535;0.415;0.464;0.422;0.462;0.492
0.407;0.449;0.413;0.479;0.383;0.36;0.786;0.723;0.742;1.0;0.436;0.517;0.397;0.406;0.339;0.402;0.429;0.357;0.358;0.33;0.349;0.304;0.481;0.403;0.571;0.424;0.47;0.384;0.489;0.501
0.262;0.32;0.214;0.345;0.27;0.241;0.462;0.456;0.481;0.436;1.0;0.373;0.298;0.337;0.158;0.275;0.322;0.29;0.229;0.215;0.256;0.182;0.162;0.272;0.41;0.271;0.265;0.413;0.345;0.426
0.371;0.458;0.363;0.413;0.432;0.28;0.604;0.47;0.523;0.517;0.373;1.0;0.331;0.274;0.315;0.349;0.377;0.312;0.202;0.271;0.295;0.2;0.344;0.28;0.501;0.373;0.338;0.342;0.451;0.456
0.289;0.398;0.262;0.325;0.315;0.269;0.425;0.432;0.417;0.397;0.298;0.331;1.0;0.432;0.268;0.325;0.387;0.248;0.332;0.3;0.322;0.224;0.24;0.284;0.471;0.33;0.305;0.312;0.397;0.453
0.316;0.408;0.321;0.371;0.36;0.29;0.423;0.378;0.459;0.406;0.337;0.274;0.432;1.0;0.277;0.389;0.307;0.234;0.26;0.248;0.236;0.225;0.313;0.234;0.453;0.328;0.375;0.33;0.372;0.456
0.225;0.319;0.334;0.333;0.247;0.334;0.312;0.344;0.331;0.339;0.158;0.315;0.268;0.277;1.0;0.221;0.266;0.213;0.289;0.195;0.258;0.186;0.257;0.255;0.378;0.32;0.261;0.239;0.327;0.381
0.279;0.416;0.351;0.343;0.387;0.25;0.411;0.483;0.419;0.402;0.275;0.349;0.325;0.389;0.221;1.0;0.242;0.326;0.291;0.229;0.267;0.302;0.332;0.249;0.38;0.371;0.247;0.296;0.322;0.368
0.336;0.392;0.372;0.351;0.425;0.219;0.464;0.443;0.485;0.429;0.322;0.377;0.387;0.307;0.266;0.242;1.0;0.289;0.388;0.31;0.334;0.293;0.287;0.312;0.454;0.342;0.289;0.412;0.382;0.441
0.291;0.395;0.346;0.338;0.346;0.293;0.373;0.327;0.359;0.357;0.29;0.312;0.248;0.234;0.213;0.326;0.289;1.0;0.26;0.249;0.189;0.313;0.303;0.196;0.36;0.243;0.236;0.296;0.277;0.309
0.276;0.314;0.301;0.275;0.271;0.252;0.333;0.358;0.361;0.358;0.229;0.202;0.332;0.26;0.289;0.291;0.388;0.26;1.0;0.212;0.37;0.22;0.327;0.263;0.371;0.221;0.305;0.244;0.345;0.36
0.34;0.372;0.345;0.376;0.361;0.167;0.375;0.342;0.394;0.33;0.215;0.271;0.3;0.248;0.195;0.229;0.31;0.249;0.212;1.0;0.278;0.26;0.414;0.309;0.373;0.289;0.285;0.303;0.272;0.378
0.332;0.366;0.313;0.284;0.281;0.205;0.344;0.323;0.38;0.349;0.256;0.295;0.322;0.236;0.258;0.267;0.334;0.189;0.37;0.278;1.0;0.214;0.334;0.431;0.411;0.256;0.355;0.365;0.37;0.388
0.348;0.362;0.34;0.308;0.34;0.261;0.323;0.347;0.323;0.304;0.182;0.2;0.224;0.225;0.186;0.302;0.293;0.313;0.22;0.26;0.214;1.0;0.411;0.198;0.316;0.267;0.192;0.23;0.163;0.338
0.417;0.401;0.378;0.447;0.371;0.285;0.514;0.423;0.471;0.481;0.162;0.344;0.24;0.313;0.257;0.332;0.287;0.303;0.327;0.414;0.334;0.411;1.0;0.378;0.364;0.283;0.33;0.236;0.292;0.344
0.312;0.346;0.288;0.311;0.258;0.198;0.413;0.344;0.367;0.403;0.272;0.28;0.284;0.234;0.255;0.249;0.312;0.196;0.263;0.309;0.431;0.198;0.378;1.0;0.38;0.269;0.287;0.194;0.398;0.341
0.441;0.497;0.377;0.446;0.465;0.355;0.553;0.501;0.535;0.571;0.41;0.501;0.471;0.453;0.378;0.38;0.454;0.36;0.371;0.373;0.411;0.316;0.364;0.38;1.0;0.478;0.494;0.465;0.677;0.892
0.264;0.455;0.375;0.362;0.367;0.309;0.451;0.399;0.415;0.424;0.271;0.373;0.33;0.328;0.32;0.371;0.342;0.243;0.221;0.289;0.256;0.267;0.283;0.269;0.478;1.0;0.363;0.412;0.432;0.466
0.374;0.381;0.313;0.346;0.278;0.266;0.501;0.466;0.464;0.47;0.265;0.338;0.305;0.375;0.261;0.247;0.289;0.236;0.305;0.285;0.355;0.192;0.33;0.287;0.494;0.363;1.0;0.271;0.49;0.405
0.277;0.306;0.298;0.364;0.271;0.299;0.399;0.347;0.422;0.384;0.413;0.342;0.312;0.33;0.239;0.296;0.412;0.296;0.244;0.303;0.365;0.23;0.236;0.194;0.465;0.412;0.271;1.0;0.395;0.455
0.307;0.432;0.373;0.388;0.37;0.337;0.514;0.414;0.462;0.489;0.345;0.451;0.397;0.372;0.327;0.322;0.382;0.277;0.345;0.272;0.37;0.163;0.292;0.398;0.677;0.432;0.49;0.395;1.0;0.549
0.392;0.456;0.355;0.406;0.429;0.316;0.497;0.465;0.492;0.501;0.426;0.456;0.453;0.456;0.381;0.368;0.441;0.309;0.36;0.378;0.388;0.338;0.344;0.341;0.892;0.466;0.405;0.455;0.549;1.0
